Munged up version of GENMIDI patch list, highlighting instruments that have
the down-octave effect.

X = first voice is offset down
Y = second voice = offset down

                               2x,6x,8x,ex,4x,--,cx,2x,6x,8x,ex,4x,--
Acoustic Grand Piano     (0,0) 30,f0,f3,01,40,14,0a,30,f1,f4,01,00,00|00,00,f0,00,00,00,00,00,00,f0,00,00,00
Bright Acoustic Piano    (0,0) 30,f0,f3,00,40,12,0a,30,f1,f4,01,00,00|00,00,f0,00,00,00,00,00,00,f0,00,00,00
Electric Grand Piano     (0,4) 30,e1,f3,01,40,0e,08,30,f1,f4,00,00,00|11,e8,15,00,00,00,01,12,f7,14,00,00,00
Honky-tonk Piano         (2,4) 10,f1,53,01,40,0f,06,10,d1,f4,00,00,00|11,f1,53,00,40,0f,06,11,d1,f4,00,00,00
Rhodes Paino          X  (0,0) 21,f1,51,00,40,26,06,31,d2,e5,00,00,00|00,00,f0,00,00,00,00,00,00,f0,00,00,00 #4
Chorused Piano           (0,4) 30,f1,e6,00,40,11,06,b0,f1,e5,00,40,00|12,f2,79,00,40,03,09,10,f1,99,00,40,00
Harpsichord              (0,0) 30,f2,01,02,80,07,06,30,c1,f4,01,00,00|00,00,f0,00,00,00,00,00,00,f0,00,00,00
Clavinet                 (0,0) 90,a1,62,01,80,0e,0c,10,91,a7,01,00,00|00,00,f0,00,00,00,00,00,00,f0,00,00,00
Celesta               X  (0,0) 28,f2,64,01,40,0f,08,31,f2,e4,00,00,00|00,00,f0,00,00,00,00,00,00,f0,00,00,00 #8
* Glockenspiel        X  (0,0) 13,91,11,00,00,0e,09,14,7d,34,00,00,00|00,00,f0,00,00,00,00,00,00,f0,00,00,00 #9
* Music Box              (0,0) b2,f6,41,00,00,0f,00,90,d2,92,00,00,00|00,00,f0,00,00,00,00,00,00,f0,00,00,00
Vibraphone               (0,0) f0,f1,f3,00,00,02,01,f2,f1,f4,00,00,00|00,00,f0,00,00,00,00,00,00,f0,00,00,00
Marimba                  (0,0) 80,79,15,00,00,00,01,83,f8,75,02,00,00|00,00,f0,00,00,00,00,00,00,f0,00,00,00
Xylophone                (0,0) 14,f6,93,00,00,1f,08,10,f6,53,00,00,00|00,00,f0,00,00,00,00,00,00,f0,00,00,00
* Tubular-bell        X  (0,0) 81,b6,13,01,80,19,0a,02,ff,13,00,00,00|00,00,f0,00,00,00,00,00,00,f0,00,00,00 #14
* Dulcimer               (0,0) 30,91,11,00,40,07,08,11,52,53,00,80,00|00,00,f0,00,00,00,00,00,00,f0,00,00,00
Hammond Organ            (0,0) a0,b1,16,00,80,08,07,61,d1,17,01,80,00|00,00,f0,00,00,00,00,00,00,f0,00,00,00
Percussive Organ      X  (0,0) 30,f1,05,01,00,00,07,94,f4,36,00,00,00|00,00,f0,00,00,00,00,00,00,f0,00,00,00 #17
Rock Organ            X (10,4) e2,f2,17,00,80,1e,00,60,ff,07,01,80,00|e0,f2,17,01,80,1e,00,a0,ff,07,00,80,00 #18
Church Organ             (0,0) 30,30,04,00,80,12,09,31,54,14,01,80,00|31,54,14,02,80,12,09,30,fd,44,00,80,00
Reed Organ               (0,0) 00,80,17,00,40,09,06,81,60,17,01,80,00|00,00,f0,00,00,00,00,00,00,f0,00,00,00
Accordion               (-3,4) 20,a2,15,00,40,08,0a,31,41,26,01,00,00|20,82,15,00,40,0a,0a,31,46,26,01,00,00
Harmonica                (0,0) b0,60,34,00,00,0c,08,b2,42,16,00,80,00|b0,60,34,00,00,0c,08,b2,42,16,00,80,00
Tango Accordion          (1,4) 20,f0,05,01,80,12,08,31,52,05,02,00,00|20,f0,05,01,80,12,00,31,52,05,02,00,00
Acoustic Guitar (nylon)  (0,0) 20,f1,f5,00,80,0d,00,20,f1,f6,00,00,00|00,00,f0,00,00,00,00,00,00,f0,00,00,00
Acoustic Guitar (steel)  (0,0) 30,e1,e4,01,00,0d,0a,30,f2,e3,00,00,00|00,00,f0,00,00,00,00,00,00,f0,00,00,00
Electric Guitar (jazz)   (0,0) 00,f1,1f,02,00,21,0a,00,f4,88,00,00,00|00,00,f0,00,00,00,00,00,00,f0,00,00,00
* Electric Guitar (clean)(0,0) 10,ea,32,01,80,07,02,10,d2,e7,02,00,00|00,00,f0,00,00,00,00,00,00,f0,00,00,00
Electric Guitar (muted)  (0,0) 30,e0,f4,00,80,12,00,30,f2,f5,00,80,00|00,00,f0,00,00,00,00,00,00,f0,00,00,00
Overdriven Guitar        (0,0) 10,f1,ff,00,00,06,02,51,f0,ff,01,00,00|00,00,00,00,00,00,00,00,00,00,00,00,00
Distortion Guitar        (0,0) 10,f1,ff,00,00,0d,0c,51,f0,ff,01,00,00|00,00,00,00,00,00,00,00,00,00,00,00,00
* Guitar Harmonics       (0,0) 10,a1,97,02,40,03,00,11,e1,e7,00,00,00|00,00,f0,00,00,00,00,00,00,f0,00,00,00
Acoustic Bass            (0,0) 21,94,06,00,00,0e,02,a2,c3,a6,00,00,00|00,00,00,00,00,00,00,00,00,00,00,00,00
Electric Bass (finger)   (0,0) 30,f0,ff,00,80,16,0a,31,f1,f8,00,00,00|00,00,f0,00,00,00,00,00,00,f0,00,00,00
Electric Bass (pick)     (0,0) 20,e0,14,00,80,0f,08,30,e1,d6,00,80,00|00,00,f0,00,00,00,00,00,00,f0,00,00,00
Fretless Bass         X  (0,0) 10,60,00,01,00,1a,08,10,81,f6,00,00,00|00,00,f0,00,00,00,00,00,00,f0,00,00,00 #35
* Slap Bass 1         X  (0,4) 30,f0,e7,02,00,12,00,31,f1,47,00,00,00|10,f5,e7,01,00,0d,0d,10,f6,e7,02,00,00 #36
Slap Bass 2              (0,0) 30,f0,e5,00,80,10,08,31,f1,f5,00,80,00|00,00,f0,00,00,00,00,00,00,f0,00,00,00
Synth Bass 1             (0,0) 30,f4,f5,01,00,0a,0a,30,f3,f6,00,00,00|00,00,f0,00,00,00,00,00,00,f0,00,00,00
Synth Bass 2          Y(-10,4) 30,83,46,01,00,15,0a,31,d2,17,00,00,00|30,83,46,01,00,15,0a,31,d2,17,00,00,00 #39
Violin                   (0,0) 60,50,45,01,00,17,06,a1,61,46,01,00,00|00,00,f0,00,00,00,00,00,00,f0,00,00,00
Viola                    (0,0) f0,60,44,00,80,0f,02,71,41,15,00,00,00|00,00,f0,00,00,00,00,00,00,f0,00,00,00
Cello                 X  (0,0) b0,d0,14,02,00,0f,06,61,62,17,01,80,00|00,00,f0,00,00,00,00,00,00,f0,00,00,00 #42
Contrabass               (0,0) f0,b1,11,02,80,0a,06,20,a0,15,01,80,00|00,00,f0,00,00,00,00,00,00,f0,00,00,00
Tremolo Strings       X (11,4) f0,c3,01,02,80,09,06,61,83,05,00,40,00|70,b3,01,02,80,09,06,60,93,05,01,40,00 #44
Pizzicato Strings        (0,0) 30,f8,f9,02,80,17,0e,20,76,e6,00,00,00|00,00,f0,00,00,00,00,00,00,f0,00,00,00
Orchestral Harp          (0,0) 31,f1,35,00,00,24,00,20,f3,b3,00,00,00|00,00,f0,00,00,00,00,00,00,f0,00,00,00
* Timpani                (0,0) 00,aa,c8,00,00,04,0a,10,d2,b3,00,00,00|00,00,f0,00,00,00,00,00,00,f0,00,00,00
String Ensemble 1       (-8,4) 60,c0,04,01,40,11,04,b1,55,04,01,80,00|a0,90,04,01,40,12,06,31,55,04,01,80,00
String Ensemble 2        (5,4) 20,90,05,01,40,11,04,a1,35,05,01,80,00|a0,90,05,01,40,12,06,21,35,05,01,80,00
Synth Strings 1      XY (-5,4) a1,69,05,02,80,13,0a,f1,66,02,02,00,00|a1,69,05,02,80,13,0a,f1,66,02,02,00,00 #50
Synth Strings 2          (4,4) 21,11,03,00,40,0d,00,20,31,04,01,80,00|00,11,33,02,80,02,08,00,31,36,01,80,00
Choir Aahs              (10,4) 60,90,54,00,40,16,00,60,70,04,00,40,00|20,90,54,00,80,12,00,60,70,04,00,c0,00
Voice Oohs               (0,0) a0,b1,b7,00,80,19,00,a0,72,85,00,80,00|12,66,f0,00,c0,06,0c,51,ae,b6,00,c0,00
Synth Voice              (0,0) b0,60,54,00,40,1a,00,b0,30,74,00,80,00|00,00,f0,00,00,00,00,00,00,f0,00,00,00
Orchestra Hit        XY  (0,4) 10,30,43,00,80,10,02,10,64,14,00,00,00|90,50,42,00,80,0f,02,11,54,45,00,00,00 #55
Trumpet                  (0,0) 20,80,15,01,80,0e,0a,30,51,36,00,00,00|00,00,f0,00,00,00,00,00,00,f0,00,00,00
Trombone                 (0,0) b0,71,1f,00,00,1a,0e,20,72,3b,00,80,00|00,00,f0,00,00,00,00,00,00,f0,00,00,00
Tuba                     (0,0) 20,50,46,00,80,16,0c,20,92,56,01,80,00|00,00,f0,00,80,00,00,00,00,f0,00,80,00
Muted Trumpet            (0,0) 80,80,e6,01,80,0d,0c,90,51,f6,01,00,00|00,00,f0,00,00,00,00,00,00,f0,00,00,00
French Horn              (1,4) 20,70,b8,00,00,22,0e,20,61,96,00,80,00|20,70,b8,00,00,23,0e,20,61,96,00,80,00
Brass Section            (3,4) 20,60,15,01,80,0e,0a,30,51,36,00,00,00|30,70,17,01,80,12,0e,30,61,36,01,00,00
Synth Brass 1            (6,4) 20,91,a6,02,40,0d,0c,20,81,97,01,00,00|20,91,a6,02,80,0c,0c,20,91,97,01,00,00
Synth Bass 2             (6,4) 30,81,a6,02,40,10,0c,30,61,97,01,00,00|30,81,a6,02,40,0a,0a,30,61,97,01,00,00
Soprano Sax              (0,0) a0,60,05,00,80,16,06,b1,52,16,01,00,00|00,00,f0,00,00,00,00,00,00,f0,00,00,00
Alto Sax                 (0,2) a0,70,06,01,80,09,06,b0,62,16,01,00,00|00,00,f0,00,00,00,00,00,00,f0,00,00,00
Tenor Sax                (0,0) a0,98,0b,00,40,0a,0a,b0,73,0b,01,00,00|00,00,f0,00,00,00,00,00,00,f0,00,00,00
Baritone Sax             (0,0) a0,90,0b,01,80,05,0a,b0,63,1b,01,00,00|00,00,f0,00,00,00,00,00,00,f0,00,00,00
Oboe                     (0,0) 70,70,16,00,80,10,06,a2,5c,08,00,80,00|00,00,f0,00,00,00,00,00,00,f0,00,00,00
English Horn             (0,0) 20,c8,07,00,40,0f,0a,31,73,07,01,00,00|00,00,f0,00,00,00,00,00,00,f0,00,00,00
Bassoon                  (0,0) 30,90,19,00,80,11,0a,31,61,1b,00,80,00|00,00,f0,00,00,00,00,00,00,f0,00,00,00
Clarinet                 (0,0) 30,a5,17,00,80,0d,08,b0,63,17,00,80,00|00,00,f0,00,00,00,00,00,00,f0,00,00,00
Piccolo                  (0,0) f0,6e,8f,00,80,00,0e,70,35,2a,00,00,00|00,00,f0,00,00,00,00,00,00,f0,00,00,00
Flute                    (0,0) a0,50,88,00,80,13,08,60,55,2a,00,80,00|00,00,f0,00,00,00,00,00,00,f0,00,00,00
Recorder                 (0,0) 20,65,17,00,00,0a,0b,a0,74,27,00,00,00|00,00,f0,00,00,00,00,00,00,f0,00,00,00
Pan Flute                (0,0) b0,24,27,01,80,04,09,b0,45,17,00,00,00|00,17,f0,02,00,00,0e,00,25,f0,00,00,00
Bottle Blow              (0,0) e1,57,04,00,80,2d,0e,60,57,37,00,00,00|00,00,f0,00,00,00,00,00,00,f0,00,00,00
* Shakuhachi         X   (0,0) f1,57,34,03,00,28,0e,e1,67,5d,00,00,00|00,00,f0,00,00,00,00,00,00,f0,00,00,00 #77
Whistle                  (0,0) d0,31,0f,00,c0,07,0b,70,32,05,00,00,00|00,00,f0,00,00,00,00,00,00,f0,00,00,00
Ocarina                  (0,0) b0,51,05,00,c0,07,0b,30,42,29,00,00,00|00,00,f0,00,00,00,00,00,00,f0,00,00,00
Lead 1 (square)          (2,4) 22,51,5b,01,40,12,00,30,60,25,01,00,00|22,91,5b,01,40,0d,00,30,f0,25,01,00,00
Lead 2 (sawtooth)       (-1,4) 20,c1,9b,01,40,03,08,31,c0,65,01,00,00|60,b1,ab,01,40,01,08,31,f1,05,00,00,00
Lead 3 (calliope)        (0,0) f0,57,33,03,00,28,0e,e0,67,07,00,00,00|00,00,f0,00,00,00,00,00,00,f0,00,00,00
Lead 4 (chiffer)         (2,4) e0,57,04,03,00,23,0e,e0,67,4d,00,00,00|e0,f7,04,03,00,23,0e,e0,87,4d,00,00,00
Lead 5 (charang)         (0,0) a1,78,0b,01,40,02,08,30,f1,2b,01,00,00|00,00,f0,00,00,00,00,00,00,f0,00,00,00
Lead 6 (voice)          (-6,4) 60,80,55,00,00,21,08,e0,f2,14,00,00,00|20,90,55,00,00,21,08,a0,a2,14,00,00,00
Lead 7 (5th sawtooth) Y (-3,4) 20,c1,95,01,40,03,0a,b0,70,63,01,80,00|a0,91,95,01,40,09,0a,31,61,63,01,00,00 #86
Lead 8 (bass & lead)  X  (0,0) 24,51,07,01,40,00,09,a0,fd,29,02,00,00|00,00,f0,00,00,00,00,00,00,f0,00,00,00 #87
* Lead 8 (bass & lead)X  (0,0) 24,51,07,01,40,00,09,a0,fd,29,02,00,00|00,00,f0,00,00,00,00,00,00,f0,00,00,00 #88
Pad 2 (warm)             (2,4) 80,32,05,00,c0,00,09,60,33,05,00,00,00|40,32,05,00,40,00,09,e0,33,05,00,00,00
Pad 3 (polysynth)        (2,4) a0,a1,a5,02,80,0f,0c,a0,a1,96,01,00,00|a0,a1,a5,02,80,0f,0c,a0,a1,96,01,00,00
Pad 4 (choir)           (11,4) e0,f0,05,00,40,04,01,60,81,54,00,00,00|e0,f0,05,01,40,04,01,60,71,54,00,80,00
Pad 5 (bowed glass)      (0,0) 80,a1,33,00,80,0a,07,e0,52,54,00,00,00|00,00,f0,00,00,00,00,00,00,f0,00,00,00
Pad 6 (metal)            (0,0) 81,80,52,01,80,1d,0e,40,23,53,01,80,00|00,00,f0,00,00,00,00,00,00,f0,00,00,00
Pad 7 (halo)            (-2,4) e1,51,45,01,40,0d,00,a0,91,46,01,00,00|a1,51,45,01,40,0d,00,a0,81,46,01,00,00
Pad 8 (sweep)            (0,0) e1,11,52,01,80,0c,08,e0,80,73,01,80,00|00,00,f0,00,00,00,00,00,00,f0,00,00,00
FX 1 (rain)              (0,0) 20,72,47,00,40,00,0b,83,f8,19,00,00,00|00,00,f0,00,00,00,00,00,00,f0,00,00,00
FX 2 (soundtrack)    XY  (8,4) 00,85,02,01,c0,12,0a,c1,45,12,01,00,00|22,45,03,00,c0,12,0a,e3,35,35,02,00,00 #97
* FX 3 (crystal)     X   (0,0) 04,f6,74,00,c0,00,00,02,a3,24,00,00,00|00,00,f0,00,00,00,00,00,00,f0,00,00,00 #98
FX 4 (atmosphere)       (-2,4) 90,c0,d2,00,80,0e,00,30,d1,d2,00,00,00|90,d0,d2,00,80,0e,00,30,f1,d2,00,00,00
FX 5 (brightness)    Y (-12,4) d0,90,f3,00,00,12,00,c0,c2,f3,00,00,00|d0,90,f3,00,00,12,00,c0,c2,f2,00,80,00 #100
FX 6 (goblin)        X   (0,0) e0,13,52,01,00,1a,00,f1,33,13,02,80,00|00,00,f0,00,00,00,00,00,00,f0,00,00,00 #101
FX 7 (echo drops)        (0,0) e0,45,ba,00,00,1a,00,f0,32,91,01,00,00|00,00,f0,00,00,00,00,00,00,f0,00,00,00
* FX 8 (star-theme)      (0,0) 10,58,02,01,00,18,0a,02,42,72,00,00,00|00,00,f0,00,00,00,00,00,00,f0,00,00,00
Sitar                    (0,0) 20,63,b3,00,00,08,02,24,63,b3,00,00,00|00,00,f0,00,00,00,00,00,00,f0,00,00,00
Banjo                    (0,0) 30,77,12,00,00,0d,04,10,f3,f4,01,00,00|00,f9,fa,02,00,0a,0f,00,f9,fa,03,40,00
Shamisen                 (0,4) 00,f9,33,00,80,00,00,00,f4,73,02,80,00|07,f9,ac,02,00,1a,00,0f,f9,29,02,00,00
Koto                     (0,0) 20,f2,53,01,00,21,08,22,91,e4,00,00,00|00,00,f0,00,00,00,00,00,00,f0,00,00,00
Kalimba              X   (0,0) 03,f1,39,03,40,0f,06,15,d6,74,00,00,00|00,00,f0,00,00,00,00,00,00,f0,00,00,00 #108
Bag Pipe                 (0,0) 30,89,15,01,40,02,0a,21,6b,07,02,00,00|00,00,f0,00,00,00,00,00,00,f0,00,00,00
Fiddle                   (0,0) 30,a1,03,00,00,1f,0e,21,52,26,00,00,00|00,00,f0,00,00,00,00,00,00,f0,00,00,00
Shanai                   (0,0) 30,40,13,00,00,13,08,30,61,16,01,80,00|00,00,f0,00,00,00,00,00,00,f0,00,00,00
Tinkle Bell          X   (0,0) 13,a1,32,00,00,00,01,12,b2,72,01,80,00|00,00,f0,00,00,00,00,00,00,f0,00,00,00 #112
Agogo                    (0,0) 95,e7,01,00,80,01,04,16,96,67,00,00,00|00,00,f0,00,00,00,00,00,00,f0,00,00,00
Steel Drums              (0,0) 03,f0,04,01,40,09,06,20,82,05,00,00,00|00,00,f0,00,00,00,00,00,00,f0,00,00,00
Woodblock                (0,0) 13,f8,d1,00,40,04,06,12,f5,78,00,00,00|00,00,f0,00,00,00,00,00,00,f0,00,00,00
Taiko Drum           X   (0,0) 10,a7,ec,00,00,0b,00,10,d5,f5,00,00,00|00,00,f0,00,00,00,00,00,00,f0,00,00,00 #116
Melodic Tom          X   (0,0) 20,a8,c8,00,00,0b,00,01,d6,b7,00,00,00|00,00,f0,00,00,00,00,00,00,f0,00,00,00 #117
Synth Drum               (0,0) 00,f8,c4,00,00,0b,00,00,d3,b7,00,00,00|00,00,f0,00,00,00,00,00,00,f0,00,00,00
Reverse Cymbal       X   (0,0) 0c,41,31,00,80,0f,0e,10,21,1d,03,80,00|00,00,f0,00,00,00,00,00,00,f0,00,00,00 #119
Guitar Fret Noise        (0,0) 32,34,b3,01,00,21,0e,31,54,f7,03,00,00|00,00,f0,00,00,00,00,00,00,f0,00,00,00
Breath Noise             (0,0) d1,37,04,00,80,2d,0e,50,37,34,00,00,00|00,00,f0,00,00,00,00,00,00,f0,00,00,00
Seashore             X   (0,0) 02,3e,01,02,00,00,0e,08,14,f3,02,00,00|00,00,f0,00,00,00,00,00,00,f0,00,00,00 #122
Bird Tweet           X   (0,0) f5,eb,03,00,c0,14,07,f6,45,68,00,00,00|00,00,f0,00,00,00,00,00,00,f0,00,00,00 #123
Telephone Ring       X   (0,0) f0,da,71,01,00,00,08,ca,b0,17,01,c0,00|00,00,f0,00,00,00,00,00,00,f0,00,00,00 #124
Helicopter           X   (0,1) f0,1e,11,01,00,00,08,e2,21,11,01,c0,00|00,00,f0,00,00,00,00,00,00,f0,00,00,00 #125
Applause                 (0,1) ef,53,00,02,80,06,0e,ef,10,02,03,c0,00|00,00,f0,00,00,00,00,00,00,f0,00,00,00
Gun Shot             X   (0,0) 0c,f0,f0,02,00,00,0e,04,f6,e6,00,00,00|00,00,f0,00,00,00,00,00,00,f0,00,00,00 #127
--
Acoustic Bass Drum       (0,1) 00,f9,57,02,00,00,00,00,fb,46,00,00,00|00,00,f0,00,00,00,00,00,00,f0,00,00,00
Acoustic Bass Drum       (0,1) 00,fa,47,00,00,00,06,00,f9,06,00,00,00|00,00,f0,00,00,00,00,00,00,f0,00,00,00
Slide Stick              (0,1) 02,fd,67,00,80,00,06,03,f7,78,00,00,00|00,00,f0,00,00,00,00,00,00,f0,00,00,00
Acoustic Snare           (0,1) 0f,f7,14,02,00,05,0e,00,f9,47,02,00,00|00,00,f0,00,00,00,00,00,00,f0,00,00,00
Hand Clap                (0,1) e1,88,fb,03,00,00,0f,ff,a6,a8,02,00,00|00,00,f0,00,00,00,00,00,00,f0,00,00,00
Electric Snare           (0,5) 06,aa,ff,00,00,00,0e,00,f7,fa,00,00,00|00,00,f0,00,00,3f,00,00,00,f0,00,00,00
Low Floor Tom            (0,1) 02,f5,6c,00,00,00,07,03,f7,38,01,00,00|00,00,f0,00,00,00,00,00,00,f0,00,00,00
Closed High-Hat          (0,1) 0c,98,5e,02,00,00,0f,0f,fb,06,03,00,00|00,00,f0,00,00,00,00,00,00,f0,00,00,00
High Floor Tom           (0,1) 02,f5,78,00,00,00,07,00,f7,37,01,00,00|00,00,f0,00,00,00,00,00,00,f0,00,00,00
Pedal High Hat           (0,1) 0c,78,5e,02,00,00,0f,0a,8a,2b,03,80,00|00,00,f0,00,00,00,00,00,00,f0,00,00,00
Low Tom                  (0,1) 02,f5,37,00,00,00,03,02,f7,37,01,00,00|00,00,f0,00,00,00,00,00,00,f0,00,00,00
Open High Hat            (0,1) 00,c7,01,02,40,05,0e,0b,f9,33,02,00,00|00,00,f0,00,00,00,00,00,00,f0,00,00,00
Low-Mid Tom              (0,1) 02,f5,37,00,00,00,03,02,f7,37,01,00,00|00,00,f0,00,00,00,00,00,00,f0,00,00,00
High-Mid Tom             (0,1) 02,f5,37,00,00,00,03,02,f7,37,01,00,00|00,00,f0,00,00,00,00,00,00,f0,00,00,00
Crash Cymbal 1           (0,1) 04,c2,e6,00,00,10,0e,00,e8,43,03,00,00|00,00,f0,00,00,00,00,00,00,f0,00,00,00
High Tom                 (0,1) 02,f5,37,00,00,00,03,02,f7,37,01,00,00|00,00,f0,00,00,00,00,00,00,f0,00,00,00
Ride Cymbal 1            (0,1) 03,fd,12,02,80,00,0a,02,fd,05,02,80,00|00,00,f0,00,00,00,00,00,00,f0,00,00,00
Chinses Cymbal           (0,1) 00,e4,85,00,80,00,0e,c0,d7,34,02,80,00|00,00,f0,00,00,00,00,00,00,f0,00,00,00
Ride Bell                (0,1) 04,e2,e6,00,80,10,0e,01,b8,44,01,00,00|00,00,f0,00,00,00,00,00,00,f0,00,00,00
Tambourine               (0,1) 02,76,77,02,80,07,0f,01,98,67,03,00,00|00,00,f0,00,00,00,00,00,00,f0,00,00,00
Splash Cymbal            (0,1) 04,94,70,02,80,01,0e,07,c6,a3,03,00,00|00,00,f0,00,00,00,00,00,00,f0,00,00,00
Cowbell                  (0,1) 00,fd,67,00,00,00,06,01,f6,98,00,00,00|00,00,f0,00,00,00,00,00,00,f0,00,00,00
Crash Cymbal 2           (0,1) 04,c2,e6,00,00,10,0e,00,e8,43,03,00,00|00,00,f0,00,00,00,00,00,00,f0,00,00,00
Vibraslap                (0,0) 01,f9,b5,00,00,07,0b,bf,d4,50,00,c0,00|00,00,f0,00,00,00,00,00,00,f0,00,00,00
Ride Cymbal 2            (0,1) 03,fd,12,02,80,00,0a,02,fd,05,02,80,00|00,00,f0,00,00,00,00,00,00,f0,00,00,00
High Bongo               (0,1) 00,fb,56,02,00,00,04,00,fa,26,00,00,00|00,00,f0,00,00,00,00,00,00,f0,00,00,00
Low Bango                (0,1) 00,fb,56,02,00,00,04,00,fa,26,00,00,00|00,00,f0,00,00,00,00,00,00,f0,00,00,00
Mute High Conga          (0,1) 00,fb,56,02,80,00,00,00,f7,17,00,00,00|00,00,f0,00,00,00,00,00,00,f0,00,00,00
Open High Conga          (0,1) 00,fb,56,02,80,00,00,00,f7,17,00,00,00|00,00,f0,00,00,00,00,00,00,f0,00,00,00
Low Conga                (0,1) 00,fb,56,02,80,00,00,00,f7,17,00,00,00|00,00,f0,00,00,00,00,00,00,f0,00,00,00
High Timbale             (0,1) 03,fb,56,00,80,01,00,00,f7,17,00,00,00|00,00,f0,00,00,00,00,00,00,f0,00,00,00
Low Timbale              (0,1) 03,fb,56,00,80,01,00,00,f7,17,00,00,00|00,00,f0,00,00,00,00,00,00,f0,00,00,00
High Agogo               (0,1) 01,fd,67,03,00,00,08,01,f6,98,00,00,00|00,00,f0,00,00,00,00,00,00,f0,00,00,00
Low Agogo                (0,1) 01,fd,67,03,00,00,08,01,f6,98,00,00,00|00,00,f0,00,00,00,00,00,00,f0,00,00,00
Cabasa                   (0,1) 0c,78,5e,02,00,00,0f,0a,8a,2b,03,80,00|00,00,f0,00,00,00,00,00,00,f0,00,00,00
Maracas                  (0,0) 00,5a,d6,02,00,0e,0a,bf,ff,ff,00,c0,00|00,00,f0,00,00,00,00,00,00,f0,00,00,00
Short Whistle            (0,1) 00,f9,c7,01,00,07,0a,80,ff,ff,00,c0,00|00,00,f0,00,00,00,00,00,00,f0,00,00,00
Long Whistle             (0,1) 00,f9,c7,01,00,07,0a,80,ff,ff,00,c0,00|00,00,f0,00,00,00,00,00,00,f0,00,00,00
Short Guiro              (0,1) 00,f9,c7,01,00,07,0a,80,ff,ff,00,c0,00|00,00,f0,00,00,00,00,00,00,f0,00,00,00
Long Guiro               (0,1) 00,f9,c7,01,00,07,0a,80,ff,ff,00,c0,00|00,00,f0,00,00,00,00,00,00,f0,00,00,00
Claves                   (0,1) 13,f8,d1,01,40,04,06,12,f5,78,00,00,00|00,00,f0,00,00,00,00,00,00,f0,00,00,00
High Wood Block          (0,1) 13,f8,d1,01,40,04,06,12,f5,78,00,00,00|00,00,f0,00,00,00,00,00,00,f0,00,00,00
Low Wood Block           (0,1) 13,f8,d1,01,40,04,06,12,f5,78,00,00,00|00,00,f0,00,00,00,00,00,00,f0,00,00,00
Mute Cuica               (0,0) 01,5e,dc,01,00,0b,0a,bf,ff,ff,00,c0,00|00,00,f0,00,00,00,00,00,00,f0,00,00,00
Open Cuica               (0,1) 00,f9,c7,01,00,07,0a,80,ff,ff,00,c0,00|00,00,f0,00,00,00,00,00,00,f0,00,00,00
Mute Triangle            (0,1) c5,f2,60,00,40,0f,08,d4,f4,7a,00,80,00|00,00,f0,00,00,00,00,00,00,f0,00,00,00
Open Triangle            (0,1) 85,f2,60,01,40,0f,08,94,f2,b7,00,80,00|00,00,f0,00,00,00,00,00,00,f0,00,00,00
